#Imports the entire dataset 
#Define start and end positions to read fixed-width file  

pos_start_243 <- c(
  1, 8, 11, 21, 23, 27, 29, 31, 33, 35, 
  37, 39, 41, 43, 45, 47, 49, 52, 54, 56, 
  58, 60, 62, 64, 66, 67, 69, 71, 73, 75, 
  77, 79, 81, 82, 84, 86, 88, 90, 93, 96, 
  99, 102, 103, 104, 105, 106, 108, 110, 112, 113, 
  115, 117, 119, 121, 123, 127, 129, 133, 135, 139, 
  141, 145, 147, 151, 153, 157, 159, 163, 164, 165, 
  166, 167, 168, 169, 170, 171, 172, 173, 174, 176, 
  178, 180, 182, 184, 186, 188, 190, 192, 194, 196, 
  198, 202, 203, 204, 206, 207, 208, 209, 210, 211, 
  212, 214, 216, 218, 220, 223, 226, 229, 232, 235, 
  238, 241, 244, 246, 248, 250, 252, 254, 256, 258, 
  260, 262, 264, 266, 268, 270, 272, 274, 276, 278, 
  280, 283, 286, 289, 292, 295, 298, 300, 302, 304, 
  306, 308, 310, 312, 314, 316, 318, 320, 322, 324, 
  326, 328, 330, 332, 334, 336, 339, 341, 343, 345, 
  347, 349, 351, 353, 355, 357, 359, 361, 363, 365, 
  367, 369, 371, 373, 376, 378, 380, 382, 384, 386, 
  388, 390, 392, 394, 396, 398, 400, 402, 404, 406, 
  408, 410, 412, 414, 417, 421, 423, 425, 427, 429, 
  431, 433, 435, 437, 439, 441, 443, 445, 447, 449, 
  451, 453, 455, 457, 459, 461, 463, 465, 467, 469, 
  471, 473, 475, 477, 479, 481, 483, 486, 488, 490, 
  492, 494, 496, 498, 500, 502, 504, 506, 508, 510, 
  512, 514, 516, 518, 520, 522, 524, 529, 531, 533, 
  535, 537, 539, 541, 543, 545, 547, 549, 551, 553, 
  555, 557, 559, 561, 563, 565, 567, 569, 571, 573, 
  575, 577, 579, 580, 583, 586, 589, 592, 595, 598, 
  601, 604, 607, 610, 613, 616, 619, 622, 625, 628, 
  631, 634, 637, 640, 643, 646, 649, 652, 655, 658, 
  661, 664, 667, 670, 673, 676, 679, 682, 685, 688, 
  691, 694, 697, 700, 703, 706, 709, 712, 715, 718, 
  721, 724, 727, 730, 733, 736, 739, 742, 745, 748, 
  751, 754, 757, 760, 763, 766, 769, 772, 775, 778, 
  781, 784, 787, 790, 793, 796, 799, 802, 805, 808, 
  814, 820, 822, 825, 829, 831, 836, 837, 839, 842, 
  845, 848, 851, 854, 857, 860, 863, 866, 869, 872, 
  875, 878, 881, 884, 887, 890, 893, 896, 899, 902, 
  905, 908, 911, 914, 917, 919, 921, 923, 925, 927, 
  930, 933, 936, 939, 942, 944, 946, 948, 950, 952, 
  954, 956, 958, 960, 962, 964, 966, 968, 970, 972, 
  974, 976, 978, 980, 982, 984, 986, 988, 990, 992, 
  994, 996, 998, 1000, 1002, 1005, 1008, 1011, 1013, 1016, 
  1019, 1022, 1024, 1030, 1036, 1042, 1043, 1044, 1045, 1048, 
  1051, 1054, 1057, 1060, 1063, 1069, 1075, 1081, 1084, 1087, 
  1090, 1093, 1096, 1099, 1102, 1105, 1108, 1111, 1114, 1117, 
  1120, 1123, 1126, 1129, 1132, 1135, 1138, 1141, 1144, 1147, 
  1150, 1153, 1156, 1159, 1162, 1165, 1168, 1171, 1174, 1176, 
  1178, 1181, 1184, 1186, 1188, 1191, 1195, 1198, 1202, 1205, 
  1209, 1212, 1215, 1218, 1221, 1224, 1227, 1230, 1233, 1236, 
  1239, 1242, 1245, 1248, 1251, 1254, 1257, 1260, 1263, 1266, 
  1269, 1272, 1275, 1278, 1281, 1284, 1287, 1290, 1293, 1296, 
  1299, 1302, 1304, 1306, 1308, 1310, 1312, 1314, 1317, 1320, 
  1323, 1325, 1327, 1329, 1331, 1333, 1335, 1337, 1339, 1341, 
  1344, 1347, 1350, 1352, 1354, 1356, 1358, 1360, 1362, 1364, 
  1366, 1368, 1374, 1380, 1386, 1388, 1390, 1392, 1394, 1396, 
  1398, 1400, 1402, 1404, 1406, 1408, 1410, 1412, 1414, 1416, 
  1418, 1420, 1422, 1424, 1426, 1428, 1430, 1432, 1434, 1436, 
  1438, 1441, 1443, 1445, 1447, 1452, 1459, 1466, 1467, 1475, 
  1481, 1482, 1489, 1490, 1495, 1496, 1501, 1502, 1508, 1509, 
  1514, 1515, 1522, 1523, 1529, 1530, 1535, 1536, 1543, 1544, 
  1549, 1550, 1556, 1557, 1562, 1563, 1568, 1569, 1574, 1575, 
  1580, 1581, 1585, 1586, 1592, 1593, 1602, 1604, 1606, 1608, 
  1610, 1612, 1614, 1616, 1618, 1620, 1622, 1624, 1626, 1628, 
  1630, 1632, 1634, 1636, 1638, 1640, 1642, 1644, 1646, 1648, 
  1650, 1652, 1654, 1656, 1658, 1660, 1662, 1664, 1666, 1668, 
  1670, 1672, 1674, 1676, 1678, 1680, 1682, 1684, 1686, 1688, 
  1690, 1692, 1694, 1696, 1698, 1700, 1702, 1704, 1706, 1708, 
  1710, 1712, 1714, 1716, 1718, 1720, 1722, 1724, 1726, 1728, 
  1730, 1732, 1734, 1736, 1738, 1740, 1742, 1744, 1746, 1748, 
  1750, 1752, 1754, 1756, 1758, 1760, 1762, 1764, 1766, 1768, 
  1770, 1772, 1774, 1776, 1778, 1780, 1782, 1784, 1786, 1788, 
  1790, 1792, 1794, 1796, 1798, 1800, 1802, 1804, 1806, 1808, 
  1810, 1812, 1814, 1816, 1818, 1820, 1822, 1824, 1826, 1828, 
  1830, 1832, 1834, 1836, 1838, 1840, 1842, 1844, 1846, 1848, 
  1850, 1852, 1854, 1856, 1858, 1860, 1862, 1864, 1866, 1868, 
  1870, 1872, 1874, 1876, 1878, 1880, 1882, 1884, 1886, 1888, 
  1890, 1892, 1894, 1896, 1898, 1900, 1902, 1904, 1906, 1908, 
  1910, 1912, 1914, 1916, 1918, 1920, 1922, 1924, 1926, 1928, 
  1930, 1932, 1934, 1936, 1938, 1940, 1942, 1944, 1946, 1948, 
  1950, 1952, 1954, 1956, 1958, 1960, 1962, 1964, 1966, 1968, 
  1970, 1972, 1974, 1976, 1978, 1980, 1982, 1984, 1986, 1988, 
  1990, 1992, 1994, 1996, 1998, 2000, 2002, 2004, 2006, 2008, 
  2010, 2012, 2014, 2016, 2018, 2020, 2022, 2024, 2026, 2028, 
  2030, 2032, 2034, 2036, 2038, 2040, 2042, 2044, 2046, 2048, 
  2050, 2052, 2054, 2056, 2058, 2060, 2062, 2064, 2066, 2068, 
  2070, 2072, 2074, 2076, 2078, 2080, 2082, 2084, 2086, 2088, 
  2090, 2092, 2094, 2096, 2098, 2100, 2102, 2104, 2106, 2108, 
  2110, 2112, 2114, 2116, 2118, 2120, 2122, 2124, 2126, 2128, 
  2130, 2132, 2134, 2136, 2138, 2140, 2142, 2144, 2146, 2148, 
  2150, 2152, 2154, 2156, 2158, 2160, 2162, 2164, 2166, 2168, 
  2170, 2172, 2174, 2176, 2178, 2180, 2182, 2184, 2186, 2188, 
  2190, 2192, 2194, 2196, 2198, 2200, 2202, 2204, 2206, 2208, 
  2210, 2212, 2214, 2216, 2218, 2220, 2222, 2224, 2226, 2227, 
  2228, 2229, 2230, 2231, 2232, 2233, 2234, 2235, 2236, 2237, 
  2239, 2241, 2243, 2245, 2247, 2249, 2252, 2255, 2258, 2261, 
  2264, 2267, 2270, 2273, 2276, 2279, 2282, 2285, 2288, 2291, 
  2294, 2297, 2300, 2303, 2306, 2308, 2311, 2318, 2320, 2322, 
  2324, 2326, 2328, 2330, 2332, 2334, 2336, 2338, 2340, 2342, 
  2344, 2346, 2348, 2350, 2352, 2354, 2356, 2358, 2360, 2362, 
  2364, 2366, 2368, 2370, 2372, 2374, 2376, 2378, 2380, 2382, 
  2384, 2386, 2388, 2390, 2392, 2394, 2396, 2398, 2400, 2402, 
  2404, 2406, 2408, 2410, 2412, 2414, 2416, 2418, 2420, 2422, 
  2424, 2426, 2428, 2430, 2432, 2434, 2436, 2438, 2440, 2442, 
  2444, 2446, 2448, 2450, 2452, 2454, 2456, 2458, 2460, 2462, 
  2464, 2466, 2468, 2470, 2472, 2474, 2476, 2478, 2480, 2482, 
  2484, 2486, 2488, 2490, 2492, 2494, 2496, 2498, 2500, 2502, 
  2504, 2506, 2508, 2510, 2512, 2514, 2516, 2518, 2520, 2522, 
  2524, 2526, 2528, 2530, 2532, 2534, 2536, 2538, 2540, 2542, 
  2544, 2546, 2548, 2550, 2552, 2554, 2556, 2558, 2560, 2562, 
  2564, 2566, 2568, 2570, 2572, 2574, 2576, 2578, 2580, 2582, 
  2584, 2586, 2588, 2590, 2592, 2594, 2596, 2598, 2600, 2603, 
  2606, 2609, 2616, 2623, 2629, 2635, 2642, 2648, 2654, 2660, 
  2665, 2670, 2675, 2680, 2686, 2691, 2694, 2701, 2707, 2713, 
  2719, 2725, 2731, 2736, 2742, 2747, 2752, 2757, 2762, 2768, 
  2773, 2776, 2782, 2788, 2794, 2800, 2805, 2811, 2816, 2822, 
  2826, 2831, 2836, 2841, 2847, 2852, 2855, 2861, 2867, 2872, 
  2878, 2883, 2889, 2895, 2900, 2904, 2908, 2913, 2917, 2923, 
  2927, 2933, 2939, 2944, 2950, 2955, 2961, 2967, 2972, 2976, 
  2980, 2985, 2989, 2995, 2999, 3004, 3010, 3015, 3020, 3024, 
  3029, 3033, 3037, 3038, 3041, 3045, 3049, 3054, 3058, 3060, 
  3066, 3072, 3077, 3083, 3088, 3094, 3099, 3104, 3108, 3112, 
  3117, 3121, 3127, 3131, 3136, 3142, 3147, 3152, 3156, 3161, 
  3165, 3169, 3170, 3171, 3175, 3179, 3184, 3188, 3190, 3196, 
  3202, 3206, 3211, 3216, 3222, 3226, 3230, 3235, 3239, 3244, 
  3249, 3255, 3260, 3266, 3272, 3276, 3281, 3286, 3292, 3296, 
  3300, 3305, 3309, 3314, 3319, 3325, 3330, 3335, 3340, 3344, 
  3348, 3352, 3357, 3361, 3365, 3368, 3370, 3374, 3377, 3382, 
  3385, 3386, 3392, 3399, 3405, 3411, 3416, 3422, 3428, 3434, 
  3439, 3444, 3449, 3454, 3460, 3465, 3471, 3478, 3484, 3490, 
  3495, 3501, 3507, 3513, 3518, 3523, 3528, 3533, 3539, 3544, 
  3549, 3555, 3559, 3564, 3569, 3574, 3578, 3582, 3583, 3584, 
